Time	Ca.ParticleNumberRate
0	15.0554
0.5	1.41514
1	0.764309
1.5	0.616938
2	0.516597
2.5	0.44373
3	0.388989
3.5	0.346668
4	0.313071
4.5	0.285784
5	0.263155
5.5	0.244047
6	0.227642
6.5	0.213377
7	0.200813
7.5	0.189636
8	0.179613
8.5	0.170553
9	0.162311
9.5	0.154777
10	0.147836
10.5	0.141444
11	0.135507
11.5	0.129994
12	0.124844
12.5	0.12003
13	0.115514
13.5	0.11127
14	0.107271
14.5	0.1035
15	0.0999405
15.5	0.096551
16	0.0933447
16.5	0.0903127
17	0.087414
17.5	0.0846604
18	0.0820338
18.5	0.0795265
19	0.0771308
19.5	0.0748412
20	0.0726483
20.5	0.0705473
21	0.0685323
21.5	0.0665984
22	0.0647408
22.5	0.0629553
23	0.0612379
23.5	0.0595844
24	0.0579921
24.5	0.0564572
25	0.0549772
25.5	0.0535488
26	0.0521699
26.5	0.0508379
27	0.0495505
27.5	0.0483058
28	0.0471017
28.5	0.0459368
29	0.0448084
29.5	0.0437153
30	0.0426567
30.5	0.0416298
31	0.0406348
31.5	0.0396693
32	0.038732
32.5	0.0378227
33	0.0369392
33.5	0.0360815
34	0.035248
34.5	0.0344377
35	0.0336503
35.5	0.0328845
36	0.0321401
36.5	0.0314161
37	0.0307107
37.5	0.0300235
38	0.0293558
38.5	0.0287055
39	0.0280716
39.5	0.0274549
40	0.026854
40.5	0.0262678
41	0.0256962
41.5	0.0251396
42	0.0245967
42.5	0.0240671
43	0.0235509
43.5	0.0230472
44	0.0225554
44.5	0.0220756
45	0.0216077
45.5	0.021151
46	0.0207051
46.5	0.0202704
47	0.0198458
47.5	0.0194307
48	0.0190242
48.5	0.0186274
49	0.0182409
49.5	0.0178634
50	0.0174942
50.5	0.0171329
51	0.0167807
51.5	0.0164366
52	0.0161
52.5	0.0157704
53	0.0154475
53.5	0.0151328
54	0.0148252
54.5	0.0145242
55	0.0142296
55.5	0.0139414
56	0.01366
56.5	0.0133845
57	0.0131149
57.5	0.0128506
58	0.0125925
58.5	0.0123401
59	0.0120932
59.5	0.0118514
60	0.0116148
60.5	0.0113837
61	0.0111576
61.5	0.0109362
62	0.0107191
62.5	0.010506
63	0.0102962
63.5	0.0100923
64	0.00989311
64.5	0.00969809
65	0.00950709
65.5	0.00931989
66	0.00913622
66.5	0.00895666
67	0.00878126
67.5	0.00860945
68	0.00844104
68.5	0.00827578
69	0.00811337
69.5	0.00795411
70	0.00779891
70.5	0.00764689
71	0.00749794
71.5	0.00735194
72	0.00720875
72.5	0.00706828
73	0.00693105
73.5	0.0067966
74	0.00666483
74.5	0.00653562
75	0.00640883
75.5	0.0062843
76	0.00616263
76.5	0.00604352
77	0.0059268
77.5	0.00581241
78	0.00570025
78.5	0.00559022
79	0.00548261
79.5	0.00537747
80	0.00527452
80.5	0.0051737
81	0.00507492
81.5	0.00497808
82	0.00488306
82.5	0.00478973
83	0.00469871
83.5	0.00460945
84	0.00452185
84.5	0.00443578
85	0.00435109
85.5	0.00426761
86	0.00418515
86.5	0.00410433
87	0.00402612
87.5	0.00394964
88	0.00387494
88.5	0.00380207
89	0.00373112
89.5	0.00366216
90	0.00359529
90.5	0.00352815
91	0.00346119
91.5	0.00339455
92	0.00332783
92.5	0.00326062
93	0.00319241
93.5	0.00312264
94	0.00305229
94.5	0.00298788
95	0.00292525
95.5	0.00286496
96	0.00280764
96.5	0.00275405
97	0.00270507
97.5	0.00266169
98	0.00261832
98.5	0.00257361
99	0.00253057
99.5	0.00248885
100	0.00244801
100.5	0.00240751
101	0.00236668
101.5	0.00232481
102	0.00228546
102.5	0.00224559
103	0.00220467
103.5	0.00216214
104	0.00211734
104.5	0.00206958
105	0.0020181
105.5	0.0019665
106	0.00192016
106.5	0.00187496
107	0.00183176
107.5	0.00179158
108	0.00175565
108.5	0.00172536
109	0.00170236
109.5	0.00167408
110	0.0016448
110.5	0.00161675
111	0.00158955
111.5	0.00156268
112	0.00153554
112.5	0.00150736
113	0.00147853
113.5	0.0014535
114	0.00142849
114.5	0.00140317
115	0.00137722
115.5	0.00135024
116	0.00132182
116.5	0.0012915
117	0.00126245
117.5	0.00123541
118	0.00120899
118.5	0.00118357
119	0.00115963
119.5	0.00113775
120	0.00111859
120.5	0.0011028
121	0.0010835
121.5	0.00106523
122	0.00104797
122.5	0.00103167
123	0.00101627
123.5	0.00100167
124	0.000987722
124.5	0.000973954
125	0.000959743
125.5	0.000945031
126	0.000929383
126.5	0.000912296
127	0.000893197
127.5	0.000871437
128	0.000846288
128.5	0.000824457
129	0.000803745
129.5	0.00078329
130	0.000763537
130.5	0.000745031
131	0.000728422
131.5	0.000714474
132	0.000702607
132.5	0.000688026
133	0.000674595
133.5	0.000662435
134	0.000651656
134.5	0.000642357
135	0.000634623
135.5	0.000628523
136	0.000622234
136.5	0.000615185
137	0.000607778
137.5	0.000599485
138	0.000589686
138.5	0.000577662
139	0.000562589
139.5	0.000543811
140	0.000531201
140.5	0.000518637
141	0.000506454
141.5	0.000495081
142	0.000485041
142.5	0.000476965
143	0.000471596
143.5	0.000465943
144	0.000458021
144.5	0.0004502
145	0.000442428
145.5	0.0004346
146	0.000426563
146.5	0.000418113
147	0.000408997
147.5	0.000402761
148	0.000397737
148.5	0.000393255
149	0.000389229
149.5	0.000385552
150	0.000382086
150.5	0.000378672
151	0.000375122
151.5	0.000371301
152	0.00036726
152.5	0.000362546
153	0.000356899
153.5	0.000350037
154	0.000341653
154.5	0.000331418
155	0.000318979
155.5	0.000303958
156	0.000292582
156.5	0.000286027
157	0.000281117
157.5	0.000278296
158	0.000278048
158.5	0.000280894
159	0.000287392
159.5	0.000298138
160	0.000313764
160.5	0.000288482
161	0.000233025
161.5	0.000230433
162	0.000231451
162.5	0.000228365
163	0.000223833
163.5	0.000221795
164	0.000218855
164.5	0.000212257
165	0.00020709
165.5	0.000203026
166	0.000199123
166.5	0.000195307
167	0.000191603
167.5	0.000188079
168	0.000184619
168.5	0.000181177
169	0.000177778
169.5	0.000174522
170	0.000171385
170.5	0.0001683
171	0.000165258
171.5	0.000162246
172	0.000159253
172.5	0.000156268
173	0.00015328
173.5	0.000150277
174	0.000147248
174.5	0.000144442
175	0.000141758
175.5	0.000139122
176	0.000136534
176.5	0.00013399
177	0.000131489
177.5	0.000129028
178	0.000126605
178.5	0.000124217
179	0.000121862
179.5	0.000119583
180	0.000117352
180.5	0.000115162
181	0.000113013
181.5	0.000110905
182	0.000108834
182.5	0.000106801
183	0.000104804
183.5	0.000102843
184	0.00010093
184.5	9.90429e-05
185	9.71929e-05
185.5	9.53785e-05
186	9.35985e-05
186.5	9.18516e-05
187	9.01367e-05
187.5	8.84526e-05
188	8.67983e-05
188.5	8.51726e-05
189	8.35759e-05
189.5	8.20176e-05
190	8.04879e-05
190.5	7.89861e-05
191	7.75117e-05
191.5	7.6064e-05
192	7.46425e-05
192.5	7.32466e-05
193	7.18759e-05
193.5	7.053e-05
194	6.92084e-05
194.5	6.79109e-05
195	6.66372e-05
195.5	6.53869e-05
196	6.41599e-05
196.5	6.29561e-05
197	6.17689e-05
197.5	6.06028e-05
198	5.94578e-05
198.5	5.83338e-05
199	5.72307e-05
199.5	5.61484e-05
200	5.50869e-05
200.5	-0.63709
201	-0.449442
201.5	-0.308058
202	-0.215226
202.5	-0.151984
203	-0.107987
203.5	-0.0769701
204	-0.0547866
204.5	-0.0387516
205	-0.0268795
205.5	-0.0178992
206	-0.0109494
206.5	-0.00544006
207	-0.000960898
207.5	0.00275773
208	0.005917
208.5	0.00848512
209	0.0110996
209.5	0.0130472
210	0.0149601
210.5	0.0165457
211	0.0181459
211.5	0.0193595
212	0.0206804
212.5	0.0217387
213	0.0227308
213.5	0.0236041
214	0.0243888
214.5	0.0250877
215	0.0257068
215.5	0.0262526
216	0.0267307
216.5	0.0271443
217	0.0275003
217.5	0.0277963
218	0.0280511
218.5	0.0282502
219	0.0283957
219.5	0.0285108
220	0.0285826
220.5	0.0286162
221	0.0286158
221.5	0.0285828
222	0.0285205
222.5	0.0284298
223	0.0283095
223.5	0.0281658
224	0.0280017
224.5	0.0278155
225	0.0276103
225.5	0.0273873
226	0.0271482
226.5	0.0268945
227	0.0266275
227.5	0.0263491
228	0.0260591
228.5	0.0257601
229	0.0254591
229.5	0.0251442
230	0.0248253
230.5	0.0244997
231	0.0241726
231.5	0.0238416
232	0.0235084
232.5	0.0231737
233	0.0228382
233.5	0.0225022
234	0.0221666
234.5	0.0218317
235	0.0214981
235.5	0.0211661
236	0.020836
236.5	0.0205082
237	0.020183
237.5	0.0198606
238	0.0195413
238.5	0.0192248
239	0.0189119
239.5	0.0186027
240	0.0182968
240.5	0.0179932
241	0.0176935
241.5	0.0174009
242	0.017113
242.5	0.0168198
243	0.0165223
243.5	0.0162469
244	0.0159934
244.5	0.0157337
245	0.0154375
245.5	0.0151745
246	0.0149136
246.5	0.014656
247	0.0144019
247.5	0.0141514
248	0.0139046
248.5	0.0136614
249	0.0134213
249.5	0.0131848
250	3959.57
250.5	2178.9
251	929.88
251.5	403.585
252	-3781.33
252.5	-1600.64
253	-680.779
253.5	-290.252
254	3838.74
254.5	1620.29
255	692.271
255.5	299.927
256	-3827.74
256.5	-1622.11
257	-690.632
257.5	-294.766
258	3836.74
258.5	1619.23
259	691.784
259.5	299.665
260	-3827.86
260.5	-1622.16
261	-690.681
261.5	-294.778
262	3836.81
262.5	1619.19
263	691.805
263.5	299.731
264	-3827.84
264.5	-1622.13
265	-690.674
265.5	-294.768
266	3836.85
266.5	1619.18
267	691.815
267.5	299.748
268	-3827.83
268.5	-1622.12
269	-690.67
269.5	-294.762
270	3836.86
270.5	1619.18
271	691.819
271.5	299.76
272	-3827.82
272.5	-1622.12
273	-690.668
273.5	-294.759
274	3836.87
274.5	1619.17
275	691.817
275.5	299.759
276	-3827.82
276.5	-1622.11
277	-690.667
277.5	-294.757
278	3836.88
278.5	1619.17
279	691.816
279.5	299.759
280	-3827.82
280.5	-1622.11
281	-690.664
281.5	-294.755
282	3836.88
282.5	1619.17
283	691.827
283.5	299.771
284	-3827.82
284.5	-1622.11
285	-690.664
285.5	-294.754
286	3836.88
286.5	1619.17
287	691.825
287.5	299.76
288	-3827.82
288.5	-1622.11
289	-690.664
289.5	-294.753
290	-122.674
290.5	-46.8791
291	-18.7797
291.5	-9.44127
292	-5.77614
292.5	-3.99825
293	-2.9871
293.5	-2.34818
294	-1.91581
294.5	-1.60548
295	-1.37374
295.5	-1.19631
296	-1.05362
296.5	-0.941482
297	-0.848161
297.5	-0.770137
298	-0.705333
298.5	-0.648558
299	-0.600982
299.5	-0.559065
300	-0.522375
300.5	-0.489898
301	-0.461257
301.5	-0.435426
302	-0.412207
302.5	-0.391209
303	-0.371936
303.5	-0.353986
304	-0.338015
304.5	-0.323527
305	-0.310167
305.5	-0.296955
306	-0.286172
306.5	-0.275726
307	-0.265884
307.5	-0.256745
308	-0.246671
308.5	-0.238827
309	-0.231652
309.5	-0.224579
310	-0.21812
310.5	-0.211358
311	-0.204646
311.5	-0.198883
312	-0.193521
312.5	-0.188235
313	-0.183219
313.5	-0.1784
314	-0.173826
314.5	-0.169458
315	-0.165252
315.5	-0.161334
316	-0.157482
316.5	-0.153806
317	-0.150277
317.5	-0.146851
318	-0.143587
318.5	-0.140407
319	-0.137367
319.5	-0.13445
320	-0.131618
320.5	-0.128906
321	-0.126212
321.5	-0.12358
322	-0.121028
322.5	-0.118562
323	-0.116237
323.5	-0.114117
324	-0.111931
324.5	-0.109692
325	-0.107366
325.5	-0.105192
326	-0.103259
326.5	-0.101658
327	-0.100098
327.5	-0.0984227
328	-0.0966288
328.5	-0.0948479
329	-0.0931826
329.5	-0.09156
330	-0.0899981
330.5	-0.0884313
331	-0.0869077
331.5	-0.0854459
332	-0.084019
332.5	-0.0826032
333	-0.0812222
333.5	-0.0798798
334	-0.0785541
334.5	-0.0772573
335	-0.075993
335.5	-0.0747555
336	-0.0735392
336.5	-0.0723526
337	-0.0711993
337.5	-0.0700473
338	-0.0689181
338.5	-0.0678162
339	-0.0667485
339.5	-0.0657154
340	-0.0646722
340.5	-0.0636488
341	-0.0626489
341.5	-0.0616775
342	-0.06073
342.5	-0.05978
343	-0.0588473
343.5	-0.0579346
344	-0.0570458
344.5	-0.0561738
345	-0.0553051
345.5	-0.0544523
346	-0.0536176
346.5	-0.0528042
347	-0.0520028
347.5	-0.0512069
348	-0.0504247
348.5	-0.0496576
349	-0.0489077
349.5	-0.0481604
350	-0.0474148
350.5	-0.0466779
351	-0.0459507
351.5	-0.0452348
352	-0.0445326
352.5	-0.0438408
353	-0.0431611
353.5	-0.0424989
354	-0.0418577
354.5	-0.0412421
355	-0.0406569
355.5	-0.0400731
356	-0.039482
356.5	-0.0388985
357	-0.0383214
357.5	-0.0377492
358	-0.0371806
358.5	-0.0366203
359	-0.0360699
359.5	-0.0355269
360	-0.0349919
360.5	-0.0344658
361	-0.0339499
361.5	-0.0334383
362	-0.0329284
362.5	-0.0324244
363	-0.0319265
363.5	-0.0314353
364	-0.0309513
364.5	-0.0304742
365	-0.0300043
365.5	-0.029543
366	-0.0290916
366.5	-0.0286511
367	-0.028223
367.5	-0.0278088
368	-0.0273974
368.5	-0.0269841
369	-0.0265761
369.5	-0.0261728
370	-0.0257737
370.5	-0.0253781
371	-0.0249855
371.5	-0.0245991
372	-0.0242196
372.5	-0.023845
373	-0.0234755
373.5	-0.0231111
374	-0.022752
374.5	-0.0223984
375	-0.0220502
375.5	-0.0217075
376	-0.0213708
376.5	-0.0210405
377	-0.0207167
377.5	-0.0204
378	-0.0200906
378.5	-0.0197834
379	-0.019478
379.5	-0.019176
380	-0.0188769
380.5	-0.0185802
381	-0.018285
381.5	-0.0179908
382	-0.0177071
382.5	-0.0174322
383	-0.0171627
383.5	-0.0168988
384	-0.0166408
384.5	-0.0163887
385	-0.0161428
385.5	-0.0159032
386	-0.01567
386.5	-0.0154268
387	-0.0151832
387.5	-0.0149384
388	-0.0146911
388.5	-0.0144402
389	-0.0141841
389.5	-0.0139215
390	-0.0136507
390.5	-0.0133846
391	-0.0131616
391.5	-0.012952
392	-0.0127583
392.5	-0.0125834
393	-0.0124301
393.5	-0.0123016
394	-0.0122012
394.5	-0.0121323
395	-0.0120393
395.5	-0.011892
396	-0.0117203
396.5	-0.0115153
397	-0.011267
397.5	-0.0109645
398	-0.010596
398.5	-0.0102034
399	-0.00987107
399.5	-0.00955355
400	-0.00926678
400.5	-0.00902893
401	-0.00885962
401.5	-0.0087267
402	-0.00866615
402.5	-0.00869068
403	-0.00881347
403.5	-0.00891622
404	-0.00891617
404.5	-0.00882197
405	-0.00858006
405.5	-0.00820281
406	-0.00800779
406.5	-0.00781757
407	-0.00763381
407.5	-0.00747577
408	-0.00736246
408.5	-0.00729158
409	-0.00727087
409.5	-0.00721062
410	-0.00712419
410.5	-0.00701141
411	-0.00687161
411.5	-0.00674728
412	-0.00661374
412.5	-0.00647069
413	-0.00633416
413.5	-0.00621445
414	-0.00610296
414.5	-0.00600213
415	-0.00591447
415.5	-0.00584247
416	-0.00574854
416.5	-0.00565344
417	-0.00555787
417.5	-0.00546129
418	-0.00536319
418.5	-0.00526605
419	-0.00517385
419.5	-0.00508334
420	-0.00499477
420.5	-0.00490844
421	-0.00482464
421.5	-0.00473967
422	-0.00465733
422.5	-0.00457613
423	-0.00449632
423.5	-0.00441817
424	-0.0043415
424.5	-0.00426535
425	-0.00419061
425.5	-0.00411725
426	-0.0040452
426.5	-0.00397436
427	-0.00390457
427.5	-0.00383561
428	-0.0037673
428.5	-0.00370197
429	-0.00363779
429.5	-0.00357457
430	-0.00351212
430.5	-0.0034502
431	-0.00338854
431.5	-0.00332683
432	-0.00326475
432.5	-0.00320576
433	-0.00314863
433.5	-0.00309246
434	-0.0030372
434.5	-0.00298282
435	-0.00292925
435.5	-0.00287644
436	-0.00282431
436.5	-0.00277324
437	-0.00272334
437.5	-0.0026743
438	-0.0026261
438.5	-0.0025787
439	-0.00253208
439.5	-0.0024862
440	-0.00244101
440.5	-0.00239659
441	-0.00235313
441.5	-0.00231042
442	-0.00226841
442.5	-0.0022271
443	-0.00218644
443.5	-0.0021464
444	-0.00210694
444.5	-0.00206805
445	-0.00203015
445.5	-0.00199291
446	-0.00195631
446.5	-0.00192036
447	-0.00188502
447.5	-0.00185029
448	-0.00181613
448.5	-0.00178252
449	-0.00174962
449.5	-0.00171734
450	-0.00168564
450.5	-0.0016545
451	-0.00162391
451.5	-0.00159385
452	-0.0015643
452.5	-0.00153523
453	-0.00150674
453.5	-0.00147882
454	-0.0014514
454.5	-0.00142447
455	-0.00139802
455.5	-0.00137202
456	-0.00134645
456.5	-0.00132131
457	-0.00129667
457.5	-0.00127268
458	-0.00124915
458.5	-0.00122608
459	-0.00120346
459.5	-0.00118129
460	-0.00115953
460.5	-0.00113819
461	-0.00111724
461.5	-0.00109667
462	-0.00107647
462.5	-0.00105662
463	-0.00103711
463.5	-0.0010179
464	-0.000998984
464.5	-0.000980326
465	-0.000961904
465.5	-0.000943691
466	-0.000925658
466.5	-0.000907775
467	-0.000890008
467.5	-0.000872757
468	-0.000856418
468.5	-0.000840505
469	-0.000825035
469.5	-0.000810031
470	-0.000795514
470.5	-0.000781508
471	-0.000768039
471.5	-0.000755132
472	-0.000742815
472.5	-0.000731117
473	-0.00071804
473.5	-0.0007048
474	-0.000691424
474.5	-0.00067783
475	-0.00066393
475.5	-0.000649632
476	-0.000634839
476.5	-0.000619447
477	-0.000603347
477.5	-0.000586427
478	-0.000571343
478.5	-0.000559901
479	-0.000549643
479.5	-0.000540769
480	-0.000533495
480.5	-0.00052805
481	-0.000524677
481.5	-0.000523631
482	-0.000525183
482.5	-0.000529617
483	-0.000537228
483.5	-0.000530908
484	-0.000522276
484.5	-0.000510882
485	-0.000496138
485.5	-0.000477419
486	-0.00045406
486.5	-0.00042536
487	-0.000390577
487.5	-0.000348935
488	-0.000299616
488.5	-0.000280195
489	-0.000388854
489.5	-0.000421123
490	-0.000376005
490.5	-0.000370245
491	-0.000364656
491.5	-0.000359264
492	-0.000352358
492.5	-0.000347257
493	-0.000341629
493.5	-0.000335681
494	-0.000329843
494.5	-0.000324183
495	-0.000318671
495.5	-0.000313262
496	-0.000307949
496.5	-0.000302764
497	-0.000297709
497.5	-0.00029279
498	-0.000287919
498.5	-0.000283149
499	-0.00027849
499.5	-0.000273944
500	-0.000269575
500.5	-0.000265154
501	-0.00026085
501.5	-0.000256662
502	-0.000252587
502.5	-0.000248598
503	-0.000244688
503.5	-0.000240871
504	-0.000237144
504.5	-0.000233503
505	-0.000229945
505.5	-0.000226465
506	-0.000223061
506.5	-0.000219728
507	-0.000216463
507.5	-0.000213279
508	-0.000210176
508.5	-0.000207139
509	-0.000204165
509.5	-0.00020125
510	-0.00019839
510.5	-0.000195583
511	-0.000192824
511.5	-0.00019011
512	-0.000187437
512.5	-0.000184848
513	-0.000182345
513.5	-0.000179897
514	-0.000177503
514.5	-0.000175161
515	-0.000172869
515.5	-0.000170625
516	-0.000168427
516.5	-0.000166272
517	-0.00016416
517.5	-0.000162115
518	-0.000160138
518.5	-0.000158212
519	-0.000156335
519.5	-0.000154507
520	-0.000152727
520.5	-0.000150993
521	-0.000149303
521.5	-0.000147658
522	-0.000146056
522.5	-0.00014449
523	-0.000142959
523.5	-0.000141464
524	-0.000140003
524.5	-0.000138576
525	-0.000137179
525.5	-0.000135812
526	-0.000134472
526.5	-0.000133158
527	-0.000131868
527.5	-0.000130607
528	-0.000129374
528.5	-0.000128164
529	-0.000126974
529.5	-0.000125802
530	-0.000124648
530.5	-0.000123509
531	-0.000122383
531.5	-0.000121269
532	-0.000120164
532.5	-0.000119154
533	-0.000118116
533.5	-0.000117106
534	-0.000116123
534.5	-0.000115164
535	-0.00011423
535.5	-0.000113318
536	-0.000112427
536.5	-0.000111557
537	-0.000110706
537.5	-0.000109883
538	-0.000109089
538.5	-0.000108319
539	-0.000107572
539.5	-0.000106848
540	-0.00010615
540.5	-0.000105477
541	-0.000104831
541.5	-0.000104212
542	-0.000103622
542.5	-0.000103063
543	-0.000102537
543.5	-0.000102045
544	-0.000101498
544.5	-0.000100964
545	-0.000100442
545.5	-9.99309e-05
546	-9.94303e-05
546.5	-9.89393e-05
547	-9.84574e-05
547.5	-9.79839e-05
548	-9.75182e-05
548.5	-9.70598e-05
549	-9.6608e-05
549.5	-9.61624e-05
550	-9.5718e-05
550.5	-9.52698e-05
551	-9.48226e-05
551.5	-9.43758e-05
552	-9.39283e-05
552.5	-9.34795e-05
553	-9.30284e-05
553.5	-9.25743e-05
554	-9.21164e-05
554.5	-9.1654e-05
555	-9.11862e-05
555.5	-9.07123e-05
556	-9.02317e-05
556.5	-8.97941e-05
557	-8.93748e-05
557.5	-8.89662e-05
558	-8.85699e-05
558.5	-8.81877e-05
559	-8.78214e-05
559.5	-8.7473e-05
560	-8.71445e-05
560.5	-8.68383e-05
561	-8.65566e-05
561.5	-8.63019e-05
562	-8.60768e-05
562.5	-8.5867e-05
563	-8.56269e-05
563.5	-8.54022e-05
564	-8.5193e-05
564.5	-8.49997e-05
565	-8.48226e-05
565.5	-8.46619e-05
566	-8.45179e-05
566.5	-8.43908e-05
567	-8.42809e-05
567.5	-8.41885e-05
568	-8.41137e-05
568.5	-8.40568e-05
569	-8.39398e-05
569.5	-8.37806e-05
570	-8.36136e-05
570.5	-8.34369e-05
571	-8.32482e-05
571.5	-8.30453e-05
572	-8.28259e-05
572.5	-8.25876e-05
573	-8.2328e-05
573.5	-8.20445e-05
574	-8.17345e-05
574.5	-8.13952e-05
575	-8.10238e-05
575.5	-8.06175e-05
576	-8.01733e-05
576.5	-7.96881e-05
577	-7.91589e-05
577.5	-7.85823e-05
578	-7.82633e-05
578.5	-7.8056e-05
579	-7.78799e-05
579.5	-7.77391e-05
580	-7.76378e-05
580.5	-7.75802e-05
581	-7.7571e-05
581.5	-7.76146e-05
582	-7.77162e-05
582.5	-7.78806e-05
583	-7.81131e-05
583.5	-7.84191e-05
584	-7.88042e-05
584.5	-7.92741e-05
585	-7.98347e-05
585.5	-8.04922e-05
586	-8.12528e-05
586.5	-8.2123e-05
587	-8.2265e-05
587.5	-8.22263e-05
588	-8.21048e-05
588.5	-8.18895e-05
589	-8.15694e-05
589.5	-8.11326e-05
590	-8.05671e-05
590.5	-7.98603e-05
591	-7.89994e-05
591.5	-7.79707e-05
592	-7.67606e-05
592.5	-7.53548e-05
593	-7.37384e-05
593.5	-7.18965e-05
594	-6.98134e-05
594.5	-6.74731e-05
595	-6.48591e-05
595.5	-6.19547e-05
596	-6.12388e-05
596.5	-6.07485e-05
597	-6.04738e-05
597.5	-6.04432e-05
598	-6.06861e-05
598.5	-6.12332e-05
599	-6.21163e-05
599.5	-6.33684e-05
600	-6.50237e-05
600.5	-6.71176e-05
601	-6.96864e-05
601.5	-7.27679e-05
602	-7.64008e-05
602.5	-8.06251e-05
603	-8.54819e-05
603.5	-9.10135e-05
604	-9.72633e-05
604.5	-0.000103725
605	-0.000104849
605.5	-0.000105484
606	-0.000105561
606.5	-0.000105008
607	-0.000103748
607.5	-0.000101702
608	-9.87893e-05
608.5	-9.49246e-05
609	-9.00201e-05
609.5	-8.39853e-05
610	-7.67264e-05
610.5	-6.81469e-05
611	-5.81471e-05
611.5	-4.66244e-05
612	-3.34733e-05
612.5	-1.85854e-05
613	-1.8492e-06
613.5	1.3056e-05
614	3.42689e-06
614.5	-2.68591e-05
615	-8.03981e-05
615.5	-9.83573e-05
616	-9.70432e-05
616.5	-6.84194e-05
617	-5.80461e-05
617.5	-5.63602e-05
618	-6.41182e-05
618.5	-6.73217e-05
619	-6.92605e-05
619.5	-6.88758e-05
620	-6.94763e-05
620.5	-7.09352e-05
621	-7.15902e-05
621.5	-7.14414e-05
622	-7.04888e-05
622.5	-6.87326e-05
623	-6.7079e-05
623.5	-6.68745e-05
624	-6.6659e-05
624.5	-6.64327e-05
625	-6.61958e-05
625.5	-6.59486e-05
626	-6.56955e-05
626.5	-6.55118e-05
627	-6.53408e-05
627.5	-6.51829e-05
628	-6.50381e-05
628.5	-6.49067e-05
629	-6.47888e-05
629.5	-6.46319e-05
630	-6.44646e-05
630.5	-6.43012e-05
631	-6.41418e-05
631.5	-6.39867e-05
632	-6.3836e-05
632.5	-6.36899e-05
633	-6.35486e-05
633.5	-6.34122e-05
634	-6.3281e-05
634.5	-6.31551e-05
635	-6.30347e-05
635.5	-6.29104e-05
636	-6.2761e-05
636.5	-6.26118e-05
637	-6.2463e-05
637.5	-6.23148e-05
638	-6.21673e-05
638.5	-6.20209e-05
639	-6.18755e-05
639.5	-6.17314e-05
640	-6.15889e-05
640.5	-6.14479e-05
641	-6.13088e-05
641.5	-6.11717e-05
642	-6.10728e-05
642.5	-6.09133e-05
643	-6.0756e-05
643.5	-6.06008e-05
644	-6.04479e-05
644.5	-6.02972e-05
645	-6.01486e-05
645.5	-6.00023e-05
646	-5.98581e-05
646.5	-5.97161e-05
647	-5.95763e-05
647.5	-5.94387e-05
648	-5.93011e-05
648.5	-5.91568e-05
649	-5.90133e-05
649.5	-5.88705e-05
650	-5.87282e-05
650.5	-5.85865e-05
651	-5.84452e-05
651.5	-5.83043e-05
652	-5.81636e-05
652.5	-5.80232e-05
653	-5.78829e-05
653.5	-5.77427e-05
654	-5.76025e-05
654.5	-5.74622e-05
655	-5.73218e-05
655.5	-5.71811e-05
656	-5.70401e-05
656.5	-5.68987e-05
657	-5.67568e-05
657.5	-5.66144e-05
658	-5.64713e-05
658.5	-5.63276e-05
659	-5.61838e-05
659.5	-5.6047e-05
660	-5.59104e-05
660.5	-5.57739e-05
661	-5.56375e-05
661.5	-5.55011e-05
662	-5.53648e-05
662.5	-5.52285e-05
663	-5.50921e-05
663.5	-5.49555e-05
664	-5.48189e-05
664.5	-5.46821e-05
665	-5.4545e-05
665.5	-5.44077e-05
666	-5.427e-05
666.5	-5.4132e-05
667	-5.39936e-05
667.5	-5.38548e-05
668	-5.37155e-05
668.5	-5.35756e-05
669	-5.34351e-05
669.5	-5.3294e-05
670	-5.31523e-05
670.5	-5.30176e-05
671	-5.28832e-05
671.5	-5.27491e-05
672	-5.26152e-05
672.5	-5.24816e-05
673	-5.23483e-05
673.5	-5.22151e-05
674	-5.20822e-05
674.5	-5.19495e-05
675	-5.1817e-05
675.5	-5.16846e-05
676	-5.15525e-05
676.5	-5.14205e-05
677	-5.12887e-05
677.5	-5.1157e-05
678	-5.10254e-05
678.5	-5.0894e-05
679	-5.07626e-05
679.5	-5.06313e-05
680	-5.05001e-05
680.5	-5.0369e-05
681	-5.02378e-05
681.5	-5.01088e-05
682	-4.99803e-05
682.5	-4.98522e-05
683	-4.97243e-05
683.5	-4.95967e-05
684	-4.94694e-05
684.5	-4.93423e-05
685	-4.92156e-05
685.5	-4.9089e-05
686	-4.89627e-05
686.5	-4.88367e-05
687	-4.87108e-05
687.5	-4.85852e-05
688	-4.84598e-05
688.5	-4.83345e-05
689	-4.82094e-05
689.5	-4.80845e-05
690	-4.79596e-05
690.5	-4.7835e-05
691	-4.77104e-05
691.5	-4.75859e-05
692	-4.74615e-05
692.5	-4.73392e-05
693	-4.7218e-05
693.5	-4.70971e-05
694	-4.69766e-05
694.5	-4.68565e-05
695	-4.67367e-05
695.5	-4.66172e-05
696	-4.64981e-05
696.5	-4.63792e-05
697	-4.62607e-05
697.5	-4.61425e-05
698	-4.60246e-05
698.5	-4.59069e-05
699	-4.57895e-05
699.5	-4.56723e-05
700	-4.55554e-05
