Time	Ca.ParticleNumber	cAMP.ParticleNumber
0	0	0
0.5	3.10935	0
1	3.58633	0
1.5	3.92883	0
2	4.2108	0
2.5	4.44997	0
3	4.65754	0
3.5	4.84102	0
4	5.00565	0
4.5	5.15514	0
5	5.29221	0
5.5	5.41888	0
6	5.5367	0
6.5	5.64688	0
7	5.75036	0
7.5	5.84792	0
8	5.94019	0
8.5	6.02769	0
9	6.11088	0
9.5	6.19012	0
10	6.26575	0
10.5	6.33805	0
11	6.40727	0
11.5	6.47363	0
12	6.53732	0
12.5	6.59853	0
13	6.6574	0
13.5	6.71409	0
14	6.76871	0
14.5	6.8214	0
15	6.87225	0
15.5	6.92136	0
16	6.96883	0
16.5	7.01474	0
17	7.05916	0
17.5	7.10218	0
18	7.14384	0
18.5	7.18423	0
19	7.22339	0
19.5	7.26138	0
20	7.29825	0
20.5	7.33404	0
21	7.36881	0
21.5	7.40259	0
22	7.43542	0
22.5	7.46734	0
23	7.49838	0
23.5	7.52859	0
24	7.55798	0
24.5	7.58659	0
25	7.61445	0
25.5	7.64157	0
26	7.668	0
26.5	7.69375	0
27	7.71885	0
27.5	7.74331	0
28	7.76716	0
28.5	7.79042	0
29	7.8131	0
29.5	7.83523	0
30	7.85682	0
30.5	7.87789	0
31	7.89846	0
31.5	7.91853	0
32	7.93813	0
32.5	7.95727	0
33	7.97596	0
33.5	7.99421	0
34	8.01204	0
34.5	8.02946	0
35	8.04648	0
35.5	8.06311	0
36	8.07937	0
36.5	8.09526	0
37	8.11079	0
37.5	8.12597	0
38	8.14081	0
38.5	8.15533	0
39	8.16952	0
39.5	8.1834	0
40	8.19698	0
40.5	8.21025	0
41	8.22324	0
41.5	8.23595	0
42	8.24839	0
42.5	8.26055	0
43	8.27245	0
43.5	8.2841	0
44	8.2955	0
44.5	8.30666	0
45	8.31758	0
45.5	8.32827	0
46	8.33873	0
46.5	8.34897	0
47	8.359	0
47.5	8.36882	0
48	8.37843	0
48.5	8.38784	0
49	8.39706	0
49.5	8.40608	0
50	8.41492	0
50.5	8.42358	0
51	8.43206	0
51.5	8.44036	0
52	8.44849	0
52.5	8.45646	0
53	8.46426	0
53.5	8.4719	0
54	8.47939	0
54.5	8.48673	0
55	8.49392	0
55.5	8.50096	0
56	8.50786	0
56.5	8.51462	0
57	8.52124	0
57.5	8.52773	0
58	8.53409	0
58.5	8.54032	0
59	8.54643	0
59.5	8.55242	0
60	8.55828	0
60.5	8.56403	0
61	8.56967	0
61.5	8.57519	0
62	8.5806	0
62.5	8.5859	0
63	8.5911	0
63.5	8.5962	0
64	8.6012	0
64.5	8.60609	0
65	8.61089	0
65.5	8.6156	0
66	8.62021	0
66.5	8.62474	0
67	8.62917	0
67.5	8.63352	0
68	8.63778	0
68.5	8.64196	0
69	8.64605	0
69.5	8.65007	0
70	8.65401	0
70.5	8.65787	0
71	8.66165	0
71.5	8.66536	0
72	8.669	0
72.5	8.67257	0
73	8.67607	0
73.5	8.6795	0
74	8.68287	0
74.5	8.68616	0
75	8.6894	0
75.5	8.69257	0
76	8.69568	0
76.5	8.69873	0
77	8.70173	0
77.5	8.70466	0
78	8.70754	0
78.5	8.71036	0
79	8.71313	0
79.5	8.71584	0
80	8.7185	0
80.5	8.72111	0
81	8.72368	0
81.5	8.72619	0
82	8.72865	0
82.5	8.73107	0
83	8.73343	0
83.5	8.73576	0
84	8.73804	0
84.5	8.74027	0
85	8.74247	0
85.5	8.74462	0
86	8.74673	0
86.5	8.74879	0
87	8.75082	0
87.5	8.75282	0
88	8.75477	0
88.5	8.75668	0
89	8.75856	0
89.5	8.7604	0
90	8.76221	0
90.5	8.76399	0
91	8.76573	0
91.5	8.76743	0
92	8.76911	0
92.5	8.77075	0
93	8.77236	0
93.5	8.77394	0
94	8.77549	0
94.5	8.77701	0
95	8.7785	0
95.5	8.77997	0
96	8.7814	0
96.5	8.78281	0
97	8.78419	0
97.5	8.78555	0
98	8.78687	0
98.5	8.78818	0
99	8.78946	0
99.5	8.79071	0
100	8.79194	0
100.5	8.79315	0
101	8.79434	0
101.5	8.7955	0
102	8.79664	0
102.5	8.79776	0
103	8.79886	0
103.5	8.79993	0
104	8.80099	0
104.5	8.80203	0
105	8.80305	0
105.5	8.80404	0
106	8.80502	0
106.5	8.80598	0
107	8.80693	0
107.5	8.80785	0
108	8.80876	0
108.5	8.80965	0
109	8.81052	0
109.5	8.81138	0
110	8.81222	0
110.5	8.81304	0
111	8.81385	0
111.5	8.81465	0
112	8.81542	0
112.5	8.81619	0
113	8.81694	0
113.5	8.81767	0
114	8.81839	0
114.5	8.8191	0
115	8.8198	0
115.5	8.82048	0
116	8.82115	0
116.5	8.8218	0
117	8.82245	0
117.5	8.82308	0
118	8.8237	0
118.5	8.82431	0
119	8.8249	0
119.5	8.82549	0
120	8.82606	0
120.5	8.82663	0
121	8.82718	0
121.5	8.82772	0
122	8.82826	0
122.5	8.82878	0
123	8.82929	0
123.5	8.82979	0
124	8.83029	0
124.5	8.83077	0
125	8.83124	0
125.5	8.83171	0
126	8.83217	0
126.5	8.83262	0
127	8.83306	0
127.5	8.83349	0
128	8.83391	0
128.5	8.83433	0
129	8.83474	0
129.5	8.83514	0
130	8.83553	0
130.5	8.83592	0
131	8.8363	0
131.5	8.83667	0
132	8.83703	0
132.5	8.83739	0
133	8.83774	0
133.5	8.83808	0
134	8.83842	0
134.5	8.83875	0
135	8.83908	0
135.5	8.8394	0
136	8.83971	0
136.5	8.84001	0
137	8.84032	0
137.5	8.84061	0
138	8.8409	0
138.5	8.84119	0
139	8.84147	0
139.5	8.84174	0
140	8.84201	0
140.5	8.84227	0
141	8.84253	0
141.5	8.84279	0
142	8.84304	0
142.5	8.84328	0
143	8.84352	0
143.5	8.84376	0
144	8.84399	0
144.5	8.84421	0
145	8.84444	0
145.5	8.84465	0
146	8.84487	0
146.5	8.84508	0
147	8.84528	0
147.5	8.84549	0
148	8.84569	0
148.5	8.84588	0
149	8.84607	0
149.5	8.84626	0
150	8.84644	0
150.5	8.84662	0
151	8.8468	0
151.5	8.84697	0
152	8.84715	0
152.5	8.84731	0
153	8.84748	0
153.5	8.84764	0
154	8.8478	0
154.5	8.84795	0
155	8.8481	0
155.5	8.84825	0
156	8.8484	0
156.5	8.84855	0
157	8.84869	0
157.5	8.84883	0
158	8.84896	0
158.5	8.84909	0
159	8.84923	0
159.5	8.84935	0
160	8.84948	0
160.5	8.8496	0
161	8.84973	0
161.5	8.84985	0
162	8.84996	0
162.5	8.85008	0
163	8.85019	0
163.5	8.8503	0
164	8.85041	0
164.5	8.85051	0
165	8.85062	0
165.5	8.85072	0
166	8.85082	0
166.5	8.85092	0
167	8.85102	0
167.5	8.85111	0
168	8.85121	0
168.5	8.8513	0
169	8.85139	0
169.5	8.85147	0
170	8.85156	0
170.5	8.85165	0
171	8.85173	0
171.5	8.85181	0
172	8.85189	0
172.5	8.85197	0
173	8.85205	0
173.5	8.85212	0
174	8.8522	0
174.5	8.85227	0
175	8.85234	0
175.5	8.85241	0
176	8.85248	0
176.5	8.85255	0
177	8.85261	0
177.5	8.85268	0
178	8.85274	0
178.5	8.8528	0
179	8.85287	0
179.5	8.85293	0
180	8.85298	0
180.5	8.85304	0
181	8.8531	0
181.5	8.85316	0
182	8.85321	0
182.5	8.85326	0
183	8.85332	0
183.5	8.85337	0
184	8.85342	0
184.5	8.85347	0
185	8.85352	0
185.5	8.85357	0
186	8.85361	0
186.5	8.85366	0
187	8.85371	0
187.5	8.85375	0
188	8.85379	0
188.5	8.85384	0
189	8.85388	0
189.5	8.85392	0
190	8.85396	0
190.5	8.854	0
191	8.85404	0
191.5	8.85408	0
192	8.85411	0
192.5	8.85415	0
193	8.85419	0
193.5	8.85422	0
194	8.85426	0
194.5	8.85429	0
195	8.85433	0
195.5	8.85436	0
196	8.85439	0
196.5	8.85442	0
197	8.85445	0
197.5	8.85449	0
198	8.85452	0
198.5	8.85455	0
199	8.85457	0
199.5	8.8546	0
200	8.85463	0
200	8.85463	3974.61
200.5	8.6485	132.427
201	8.37589	121.717
201.5	8.18909	120.768
202	8.05981	120.425
202.5	7.96898	119.562
203	7.90464	118.175
203.5	7.85884	116.383
204	7.82619	114.295
204.5	7.80301	111.996
205	7.78675	109.548
205.5	7.77565	107
206	7.76851	104.385
206.5	7.76447	101.73
207	7.7629	99.0538
207.5	7.76338	96.3711
208	7.76557	93.6932
208.5	7.76922	91.0291
209	7.77413	88.3854
209.5	7.78017	85.7687
210	7.78719	83.1832
210.5	7.79509	80.6329
211	7.80378	78.1213
211.5	7.81318	75.6509
212	7.82321	73.2239
212.5	7.83382	70.8424
213	7.84495	68.5078
213.5	7.85653	66.2213
214	7.86854	63.984
214.5	7.88091	61.7966
215	7.89361	59.6597
215.5	7.9066	57.5737
216	7.91985	55.5388
216.5	7.93332	53.555
217	7.94699	51.6225
217.5	7.96081	49.741
218	7.97478	47.9104
218.5	7.98885	46.1303
219	8.00301	44.4003
219.5	8.01724	42.7202
220	8.03152	41.0892
220.5	8.04582	39.5071
221	8.06013	37.9731
221.5	8.07443	36.4866
222	8.08871	35.0471
222.5	8.10294	33.6538
223	8.11713	32.3061
223.5	8.13125	31.0031
224	8.14529	29.7443
224.5	8.15925	28.5287
225	8.17311	27.3557
225.5	8.18686	26.2243
226	8.20049	25.1338
226.5	8.214	24.0833
227	8.22738	23.0719
227.5	8.24063	22.0988
228	8.25373	21.1629
228.5	8.26669	20.2634
229	8.27949	19.3994
229.5	8.29214	18.5699
230	8.30463	17.7739
230.5	8.31696	17.0105
231	8.32913	16.2786
231.5	8.34114	15.5774
232	8.35297	14.9058
232.5	8.36464	14.2629
233	8.37615	13.6477
233.5	8.38748	13.0593
234	8.39865	12.4966
234.5	8.40965	11.9588
235	8.42048	11.4448
235.5	8.43115	10.9539
236	8.44165	10.4851
236.5	8.45198	10.0375
237	8.46216	9.61024
237.5	8.47217	9.20253
238	8.48202	8.81353
238.5	8.49171	8.44245
239	8.50124	8.08853
239.5	8.51062	7.751
240	8.51984	7.42915
240.5	8.52892	7.12228
241	8.53784	6.82971
241.5	8.54661	6.5508
242	8.55524	6.28492
242.5	8.56372	6.03147
243	8.57206	5.78987
243.5	8.58026	5.55956
244	8.58832	5.34001
244.5	8.59624	5.13073
245	8.60403	4.93121
245.5	8.61168	4.741
246	8.6192	4.55963
246.5	8.62659	4.3867
247	8.63386	4.22178
247.5	8.641	4.0645
248	8.64801	3.91448
248.5	8.6549	3.77137
249	8.66167	3.63483
249.5	8.66832	3.50453
250	8.67486	3.38017
250	8.67486	3.38017
250.5	1040.04	3.25966
251	1772.5	3.13803
251.5	2087.32	3.01676
252	2224.98	2.89736
252	2224.98	2.89736
252.5	957.237	2.78081
253	419.452	2.66772
253.5	190.371	2.55851
254	93.2691	2.45347
254	93.2691	2.45347
254.5	1373.93	2.35276
255	1918.97	2.25648
255.5	2153.23	2.16462
256	2255.35	2.07709
256	2255.35	2.07709
256.5	971.404	1.99378
257	426.163	1.91452
257.5	193.658	1.83913
258	95.0059	1.76747
258	95.0059	1.76747
258.5	1374.69	1.69939
259	1919.37	1.63477
259.5	2153.46	1.57348
260	2255.5	1.51535
260	2255.5	1.51535
260.5	971.515	1.46023
261	426.249	1.40793
261.5	193.727	1.35828
262	95.0886	1.31115
262	95.0886	1.31115
262.5	1374.65	1.26642
263	1919.33	1.22398
263.5	2153.43	1.18375
264	2255.48	1.1456
264	2255.48	1.1456
264.5	971.518	1.10942
265	426.259	1.07508
265.5	193.741	1.04245
266	95.1134	1.01144
266	95.1134	1.01144
266.5	1374.63	0.981967
267	1919.31	0.953978
267.5	2153.42	0.927414
268	2255.47	0.9022
268	2255.47	0.9022
268.5	971.518	0.878257
269	426.263	0.855492
269.5	193.747	0.833822
270	95.1245	0.813181
270	95.1245	0.813181
270.5	1374.63	0.793516
271	1919.3	0.774806
271.5	2153.41	0.757016
272	2255.47	0.740101
272	2255.47	0.740101
272.5	971.519	0.724008
273	426.266	0.708669
273.5	193.75	0.694027
274	95.1306	0.680036
274	95.1306	0.680036
274.5	1374.62	0.666665
275	1919.3	0.653908
275.5	2153.41	0.641751
276	2255.47	0.630165
276	2255.47	0.630165
276.5	971.52	0.619114
277	426.267	0.608547
277.5	193.752	0.598422
278	95.1345	0.588709
278	95.1345	0.588709
278.5	1374.62	0.579388
279	1919.3	0.570465
279.5	2153.41	0.561936
280	2255.47	0.553785
280	2255.47	0.553785
280.5	971.519	0.545985
281	426.268	0.538498
281.5	193.754	0.531291
282	95.1374	0.524343
282	95.1374	0.524343
282.5	1374.62	0.517643
283	1919.29	0.511203
283.5	2153.4	0.505026
284	2255.47	0.499102
284	2255.47	0.499102
284.5	971.52	0.493413
285	426.269	0.487927
285.5	193.756	0.482618
286	95.1403	0.477471
286	95.1403	0.477471
286.5	1374.62	0.47248
287	1919.29	0.46766
287.5	2153.41	0.46302
288	2255.47	0.458554
288	2255.47	0.458554
288.5	971.521	0.454248
289	426.271	0.450074
289.5	193.758	0.446012
290	95.1434	0.442051
290.5	55.4848	0.438183
291	40.3482	0.43441
291.5	33.69	0.430734
292	30.0079	0.427156
292.5	27.6105	0.423679
293	25.8852	0.420303
293.5	24.562	0.417026
294	23.5022	0.413847
294.5	22.626	0.410765
295	21.884	0.407777
295.5	21.2436	0.404879
296	20.6824	0.40207
296.5	20.1845	0.399346
297	19.7379	0.396704
297.5	19.3339	0.394141
298	18.9654	0.391655
298.5	18.6272	0.389241
299	18.315	0.386898
299.5	18.0252	0.384622
300	17.7551	0.38241
300.5	17.5022	0.380259
301	17.2647	0.378168
301.5	17.0408	0.376132
302	16.8292	0.374151
302.5	16.6286	0.372221
303	16.4381	0.370339
303.5	16.2566	0.368505
304	16.0834	0.366715
304.5	15.9179	0.364968
305	15.7594	0.363261
305.5	15.6073	0.361594
306	15.4613	0.359963
306.5	15.3208	0.358368
307	15.1855	0.356806
307.5	15.0551	0.355277
308	14.9291	0.353778
308.5	14.8074	0.352309
309	14.6897	0.350867
309.5	14.5757	0.349453
310	14.4653	0.348064
310.5	14.3581	0.346699
311	14.2541	0.345358
311.5	14.1532	0.34404
312	14.0551	0.342742
312.5	13.9596	0.341465
313	13.8668	0.340208
313.5	13.7764	0.338969
314	13.6883	0.337749
314.5	13.6024	0.336545
315	13.5187	0.335358
315.5	13.4371	0.334187
316	13.3574	0.333032
316.5	13.2795	0.33189
317	13.2035	0.330763
317.5	13.1292	0.32965
318	13.0566	0.328549
318.5	12.9856	0.327461
319	12.9161	0.326386
319.5	12.8481	0.325321
320	12.7816	0.324268
320.5	12.7165	0.323226
321	12.6527	0.322195
321.5	12.5902	0.321173
322	12.5289	0.320161
322.5	12.4689	0.319159
323	12.4101	0.318166
323.5	12.3524	0.317181
324	12.2958	0.316206
324.5	12.2403	0.315238
325	12.1859	0.314279
325.5	12.1324	0.313328
326	12.08	0.312384
326.5	12.0285	0.311448
327	11.978	0.310519
327.5	11.9284	0.309597
328	11.8796	0.308681
328.5	11.8318	0.307773
329	11.7848	0.306871
329.5	11.7386	0.305975
330	11.6932	0.305085
330.5	11.6485	0.304202
331	11.6047	0.303324
331.5	11.5616	0.302452
332	11.5192	0.301586
332.5	11.4776	0.300725
333	11.4366	0.299869
333.5	11.3963	0.299019
334	11.3567	0.298173
334.5	11.3178	0.297333
335	11.2794	0.296498
335.5	11.2418	0.295667
336	11.2047	0.294842
336.5	11.1682	0.29402
337	11.1323	0.293204
337.5	11.097	0.292391
338	11.0622	0.291583
338.5	11.028	0.29078
339	10.9944	0.28998
339.5	10.9613	0.289185
340	10.9287	0.288393
340.5	10.8966	0.287606
341	10.865	0.286822
341.5	10.8339	0.286042
342	10.8033	0.285266
342.5	10.7731	0.284493
343	10.7435	0.283724
343.5	10.7143	0.282959
344	10.6855	0.282197
344.5	10.6572	0.281438
345	10.6293	0.280683
345.5	10.6019	0.279931
346	10.5749	0.279182
346.5	10.5483	0.278436
347	10.522	0.277693
347.5	10.4962	0.276953
348	10.4708	0.276217
348.5	10.4458	0.275483
349	10.4212	0.274752
349.5	10.3969	0.274023
350	10.373	0.273298
350.5	10.3494	0.272575
351	10.3263	0.271855
351.5	10.3034	0.271138
352	10.2809	0.270423
352.5	10.2588	0.26971
353	10.237	0.269
353.5	10.2155	0.268292
354	10.1943	0.267587
354.5	10.1735	0.266884
355	10.153	0.266184
355.5	10.1328	0.265485
356	10.1128	0.264789
356.5	10.0932	0.264095
357	10.0739	0.263403
357.5	10.0549	0.262713
358	10.0362	0.262025
358.5	10.0177	0.261339
359	9.99954	0.260655
359.5	9.98164	0.259973
360	9.96401	0.259293
360.5	9.94665	0.258615
361	9.92955	0.257938
361.5	9.91271	0.257263
362	9.89612	0.25659
362.5	9.87978	0.255919
363	9.86369	0.25525
363.5	9.84784	0.254582
364	9.83224	0.253915
364.5	9.81687	0.253251
365	9.80173	0.252587
365.5	9.78682	0.251926
366	9.77214	0.251266
366.5	9.75769	0.250607
367	9.74345	0.24995
367.5	9.72943	0.249294
368	9.71563	0.24864
368.5	9.70203	0.247987
369	9.68865	0.247335
369.5	9.67546	0.246685
370	9.66248	0.246035
370.5	9.6497	0.245388
371	9.63711	0.244741
371.5	9.62471	0.244096
372	9.61251	0.243452
372.5	9.60049	0.242809
373	9.58866	0.242167
373.5	9.57701	0.241527
374	9.56554	0.240888
374.5	9.55425	0.240249
375	9.54313	0.239612
375.5	9.53218	0.238976
376	9.5214	0.238341
376.5	9.51079	0.237707
377	9.50035	0.237075
377.5	9.49006	0.236443
378	9.47994	0.235812
378.5	9.46997	0.235183
379	9.46016	0.234554
379.5	9.4505	0.233926
380	9.441	0.233299
380.5	9.43164	0.232674
381	9.42243	0.232049
381.5	9.41336	0.231425
382	9.40443	0.230802
382.5	9.39565	0.23018
383	9.387	0.22956
383.5	9.37849	0.228939
384	9.37011	0.22832
384.5	9.36187	0.227702
385	9.35375	0.227085
385.5	9.34577	0.226469
386	9.33791	0.225853
386.5	9.33018	0.225239
387	9.32256	0.224625
387.5	9.31507	0.224012
388	9.3077	0.2234
388.5	9.30045	0.22279
389	9.29331	0.222179
389.5	9.28629	0.22157
390	9.27938	0.220962
390.5	9.27258	0.220355
391	9.26589	0.219748
391.5	9.2593	0.219143
392	9.25282	0.218538
392.5	9.24645	0.217934
393	9.24018	0.217331
393.5	9.23401	0.216729
394	9.22794	0.216128
394.5	9.22197	0.215528
395	9.21609	0.214929
395.5	9.21031	0.21433
396	9.20463	0.213733
396.5	9.19904	0.213136
397	9.19354	0.212541
397.5	9.18813	0.211946
398	9.18281	0.211352
398.5	9.17758	0.21076
399	9.17243	0.210168
399.5	9.16737	0.209577
400	9.16239	0.208987
400.5	9.15749	0.208398
401	9.15267	0.20781
401.5	9.14793	0.207223
402	9.14327	0.206637
402.5	9.13868	0.206051
403	9.13417	0.205467
403.5	9.12973	0.204884
404	9.12537	0.204302
404.5	9.12108	0.203721
405	9.11687	0.203141
405.5	9.11272	0.202562
406	9.10865	0.201984
406.5	9.10464	0.201407
407	9.1007	0.200831
407.5	9.09683	0.200256
408	9.09302	0.199682
408.5	9.08927	0.199109
409	9.08559	0.198538
409.5	9.08197	0.197967
410	9.07841	0.197398
410.5	9.07491	0.196829
411	9.07147	0.196262
411.5	9.06809	0.195696
412	9.06476	0.195131
412.5	9.06149	0.194567
413	9.05828	0.194004
413.5	9.05512	0.193443
414	9.05202	0.192882
414.5	9.04897	0.192323
415	9.04597	0.191765
415.5	9.04302	0.191208
416	9.04013	0.190653
416.5	9.03728	0.190098
417	9.03448	0.189545
417.5	9.03173	0.188993
418	9.02903	0.188442
418.5	9.02638	0.187893
419	9.02377	0.187344
419.5	9.0212	0.186797
420	9.01868	0.186252
420.5	9.0162	0.185707
421	9.01377	0.185164
421.5	9.01138	0.184622
422	9.00903	0.184082
422.5	9.00672	0.183542
423	9.00445	0.183004
423.5	9.00222	0.182468
424	9.00003	0.181932
424.5	8.99788	0.181398
425	8.99577	0.180866
425.5	8.99369	0.180334
426	8.99165	0.179804
426.5	8.98965	0.179276
427	8.98768	0.178748
427.5	8.98574	0.178223
428	8.98384	0.177698
428.5	8.98198	0.177175
429	8.98014	0.176654
429.5	8.97834	0.176133
430	8.97657	0.175615
430.5	8.97483	0.175097
431	8.97312	0.174581
431.5	8.97145	0.174067
432	8.9698	0.173554
432.5	8.96818	0.173042
433	8.96659	0.172532
433.5	8.96503	0.172023
434	8.9635	0.171516
434.5	8.962	0.17101
435	8.96052	0.170506
435.5	8.95907	0.170003
436	8.95764	0.169501
436.5	8.95624	0.169001
437	8.95487	0.168503
437.5	8.95352	0.168006
438	8.95219	0.167511
438.5	8.95089	0.167017
439	8.94961	0.166524
439.5	8.94836	0.166034
440	8.94713	0.165544
440.5	8.94592	0.165056
441	8.94473	0.16457
441.5	8.94357	0.164085
442	8.94242	0.163602
442.5	8.9413	0.16312
443	8.94019	0.16264
443.5	8.93911	0.162162
444	8.93805	0.161685
444.5	8.93701	0.161209
445	8.93598	0.160735
445.5	8.93498	0.160263
446	8.93399	0.159792
446.5	8.93302	0.159323
447	8.93207	0.158855
447.5	8.93113	0.158389
448	8.93022	0.157924
448.5	8.92932	0.157461
449	8.92844	0.157
449.5	8.92757	0.15654
450	8.92672	0.156081
450.5	8.92588	0.155625
451	8.92506	0.15517
451.5	8.92426	0.154716
452	8.92347	0.154264
452.5	8.92269	0.153814
453	8.92193	0.153365
453.5	8.92119	0.152917
454	8.92046	0.152472
454.5	8.91974	0.152028
455	8.91903	0.151585
455.5	8.91834	0.151144
456	8.91766	0.150705
456.5	8.91699	0.150267
457	8.91634	0.149831
457.5	8.9157	0.149396
458	8.91507	0.148963
458.5	8.91445	0.148531
459	8.91384	0.148101
459.5	8.91324	0.147673
460	8.91266	0.147246
460.5	8.91209	0.146821
461	8.91152	0.146397
461.5	8.91097	0.145975
462	8.91043	0.145555
462.5	8.9099	0.145136
463	8.90937	0.144719
463.5	8.90886	0.144303
464	8.90836	0.143889
464.5	8.90787	0.143476
465	8.90738	0.143065
465.5	8.90691	0.142655
466	8.90644	0.142247
466.5	8.90598	0.141841
467	8.90554	0.141436
467.5	8.9051	0.141033
468	8.90466	0.140631
468.5	8.90424	0.140231
469	8.90382	0.139832
469.5	8.90341	0.139435
470	8.90301	0.139039
470.5	8.90262	0.138645
471	8.90223	0.138253
471.5	8.90186	0.137862
472	8.90148	0.137472
472.5	8.90112	0.137084
473	8.90076	0.136698
473.5	8.90041	0.136313
474	8.90007	0.135929
474.5	8.89973	0.135547
475	8.8994	0.135167
475.5	8.89907	0.134788
476	8.89875	0.134411
476.5	8.89844	0.134035
477	8.89813	0.13366
477.5	8.89783	0.133287
478	8.89753	0.132916
478.5	8.89724	0.132546
479	8.89695	0.132177
479.5	8.89667	0.13181
480	8.8964	0.131445
480.5	8.89613	0.131081
481	8.89586	0.130718
481.5	8.8956	0.130357
482	8.89534	0.129997
482.5	8.89509	0.129639
483	8.89485	0.129282
483.5	8.8946	0.128927
484	8.89437	0.128573
484.5	8.89413	0.12822
485	8.8939	0.127869
485.5	8.89368	0.127519
486	8.89346	0.127171
486.5	8.89324	0.126824
487	8.89303	0.126479
487.5	8.89282	0.126135
488	8.89261	0.125792
488.5	8.89241	0.125451
489	8.89221	0.125111
489.5	8.89202	0.124773
490	8.89183	0.124436
490.5	8.89164	0.1241
491	8.89145	0.123766
491.5	8.89127	0.123433
492	8.89109	0.123101
492.5	8.89092	0.122771
493	8.89075	0.122442
493.5	8.89058	0.122114
494	8.89041	0.121788
494.5	8.89025	0.121463
495	8.89009	0.12114
495.5	8.88993	0.120818
496	8.88977	0.120497
496.5	8.88962	0.120177
497	8.88947	0.119859
497.5	8.88932	0.119542
498	8.88917	0.119226
498.5	8.88903	0.118912
499	8.88889	0.118599
499.5	8.88875	0.118287
500	8.88862	0.117977
500.5	8.88848	0.117667
501	8.88835	0.11736
501.5	8.88822	0.117053
502	8.88809	0.116747
502.5	8.88797	0.116443
503	8.88784	0.11614
503.5	8.88772	0.115839
504	8.8876	0.115538
504.5	8.88749	0.115239
505	8.88737	0.114941
505.5	8.88726	0.114645
506	8.88714	0.114349
506.5	8.88703	0.114055
507	8.88692	0.113762
507.5	8.88682	0.11347
508	8.88671	0.11318
508.5	8.88661	0.11289
509	8.8865	0.112602
509.5	8.8864	0.112315
510	8.8863	0.112029
510.5	8.88621	0.111744
511	8.88611	0.111461
511.5	8.88601	0.111179
512	8.88592	0.110897
512.5	8.88583	0.110617
513	8.88573	0.110338
513.5	8.88564	0.110061
514	8.88556	0.109784
514.5	8.88547	0.109509
515	8.88538	0.109234
515.5	8.88529	0.108961
516	8.88521	0.108689
516.5	8.88513	0.108418
517	8.88504	0.108148
517.5	8.88496	0.107879
518	8.88488	0.107612
518.5	8.8848	0.107345
519	8.88472	0.10708
519.5	8.88465	0.106815
520	8.88457	0.106552
520.5	8.88449	0.106289
521	8.88442	0.106028
521.5	8.88434	0.105768
522	8.88427	0.105509
522.5	8.8842	0.105251
523	8.88413	0.104994
523.5	8.88405	0.104738
524	8.88398	0.104483
524.5	8.88392	0.104229
525	8.88385	0.103977
525.5	8.88378	0.103725
526	8.88371	0.103474
526.5	8.88364	0.103224
527	8.88358	0.102976
527.5	8.88351	0.102728
528	8.88345	0.102481
528.5	8.88338	0.102235
529	8.88332	0.10199
529.5	8.88326	0.101747
530	8.8832	0.101504
530.5	8.88313	0.101262
531	8.88307	0.101021
531.5	8.88301	0.100781
532	8.88295	0.100542
532.5	8.88289	0.100304
533	8.88283	0.100067
533.5	8.88277	0.0998314
534	8.88271	0.0995963
534.5	8.88266	0.0993621
535	8.8826	0.0991289
535.5	8.88254	0.0988966
536	8.88249	0.0986652
536.5	8.88243	0.0984347
537	8.88237	0.0982052
537.5	8.88232	0.0979765
538	8.88226	0.0977488
538.5	8.88221	0.097522
539	8.88216	0.097296
539.5	8.8821	0.097071
540	8.88205	0.0968469
540.5	8.882	0.0966236
541	8.88194	0.0964012
541.5	8.88189	0.0961797
542	8.88184	0.0959591
542.5	8.88179	0.0957393
543	8.88174	0.0955204
543.5	8.88168	0.0953024
544	8.88163	0.0950852
544.5	8.88158	0.0948688
545	8.88153	0.0946533
545.5	8.88148	0.0944387
546	8.88143	0.0942249
546.5	8.88138	0.0940119
547	8.88133	0.0937997
547.5	8.88129	0.0935884
548	8.88124	0.0933779
548.5	8.88119	0.0931682
549	8.88114	0.0929593
549.5	8.88109	0.0927513
550	8.88104	0.092544
550.5	8.881	0.0923375
551	8.88095	0.0921319
551.5	8.8809	0.091927
552	8.88085	0.0917229
552.5	8.88081	0.0915196
553	8.88076	0.0913171
553.5	8.88072	0.0911154
554	8.88067	0.0909144
554.5	8.88062	0.0907142
555	8.88058	0.0905148
555.5	8.88053	0.0903161
556	8.88049	0.0901182
556.5	8.88044	0.0899211
557	8.8804	0.0897246
557.5	8.88035	0.089529
558	8.88031	0.0893341
558.5	8.88026	0.0891399
559	8.88022	0.0889465
559.5	8.88017	0.0887538
560	8.88013	0.0885618
560.5	8.88009	0.0883705
561	8.88004	0.08818
561.5	8.88	0.0879902
562	8.87996	0.0878011
562.5	8.87991	0.0876127
563	8.87987	0.087425
563.5	8.87983	0.087238
564	8.87978	0.0870517
564.5	8.87974	0.0868662
565	8.8797	0.0866813
565.5	8.87965	0.0864971
566	8.87961	0.0863135
566.5	8.87957	0.0861307
567	8.87953	0.0859485
567.5	8.87949	0.085767
568	8.87944	0.0855862
568.5	8.8794	0.0854061
569	8.87936	0.0852266
569.5	8.87932	0.0850478
570	8.87928	0.0848696
570.5	8.87924	0.0846921
571	8.87919	0.0845153
571.5	8.87915	0.084339
572	8.87911	0.0841635
572.5	8.87907	0.0839886
573	8.87903	0.0838143
573.5	8.87899	0.0836406
574	8.87895	0.0834676
574.5	8.87891	0.0832952
575	8.87887	0.0831235
575.5	8.87883	0.0829523
576	8.87879	0.0827818
576.5	8.87875	0.0826119
577	8.87871	0.0824426
577.5	8.87867	0.082274
578	8.87863	0.0821059
578.5	8.87859	0.0819384
579	8.87855	0.0817716
579.5	8.87851	0.0816053
580	8.87847	0.0814397
580.5	8.87843	0.0812746
581	8.87839	0.0811101
581.5	8.87835	0.0809463
582	8.87831	0.080783
582.5	8.87827	0.0806203
583	8.87823	0.0804581
583.5	8.87819	0.0802966
584	8.87815	0.0801356
584.5	8.87811	0.0799752
585	8.87807	0.0798153
585.5	8.87804	0.0796561
586	8.878	0.0794974
586.5	8.87796	0.0793392
587	8.87792	0.0791816
587.5	8.87788	0.0790246
588	8.87784	0.078868
588.5	8.8778	0.0787121
589	8.87777	0.0785567
589.5	8.87773	0.0784018
590	8.87769	0.0782474
590.5	8.87765	0.0780936
591	8.87761	0.0779403
591.5	8.87758	0.0777876
592	8.87754	0.0776354
592.5	8.8775	0.0774837
593	8.87746	0.0773325
593.5	8.87743	0.0771818
594	8.87739	0.0770317
594.5	8.87735	0.076882
595	8.87731	0.0767329
595.5	8.87728	0.0765843
596	8.87724	0.0764362
596.5	8.8772	0.0762886
597	8.87717	0.0761416
597.5	8.87713	0.0759951
598	8.87709	0.0758491
598.5	8.87706	0.0757035
599	8.87702	0.0755585
599.5	8.87698	0.075414
600	8.87695	0.07527
600.5	8.87691	0.0751265
601	8.87687	0.0749835
601.5	8.87683	0.074841
602	8.8768	0.074699
602.5	8.87676	0.0745575
603	8.87672	0.0744165
603.5	8.87669	0.074276
604	8.87665	0.074136
604.5	8.87661	0.0739964
605	8.87658	0.0738572
605.5	8.87654	0.0737184
606	8.87651	0.07358
606.5	8.87647	0.0734421
607	8.87644	0.0733046
607.5	8.8764	0.0731676
608	8.87636	0.073031
608.5	8.87633	0.0728948
609	8.87629	0.072759
609.5	8.87626	0.0726237
610	8.87623	0.0724887
610.5	8.87619	0.0723542
611	8.87616	0.07222
611.5	8.87612	0.0720863
612	8.87609	0.0719529
612.5	8.87606	0.0718199
613	8.87602	0.0716873
613.5	8.87599	0.0715551
614	8.87595	0.0714236
614.5	8.87592	0.0712927
615	8.87588	0.0711625
615.5	8.87584	0.0710326
616	8.87581	0.0709031
616.5	8.87578	0.0707741
617	8.87574	0.0706455
617.5	8.87571	0.0705174
618	8.87567	0.0703897
618.5	8.87564	0.0702624
619	8.87561	0.0701355
619.5	8.87557	0.070009
620	8.87554	0.069883
620.5	8.87551	0.0697573
621	8.87547	0.069632
621.5	8.87544	0.0695071
622	8.8754	0.0693825
622.5	8.87537	0.0692584
623	8.87534	0.0691347
623.5	8.8753	0.0690113
624	8.87527	0.0688883
624.5	8.87524	0.0687657
625	8.87521	0.0686435
625.5	8.87517	0.0685217
626	8.87514	0.0684003
626.5	8.87511	0.0682792
627	8.87507	0.0681585
627.5	8.87504	0.0680382
628	8.87501	0.0679182
628.5	8.87498	0.0677987
629	8.87494	0.0676795
629.5	8.87491	0.0675607
630	8.87488	0.0674422
630.5	8.87485	0.067324
631	8.87481	0.0672063
631.5	8.87478	0.0670889
632	8.87475	0.0669718
632.5	8.87472	0.0668552
633	8.87469	0.0667389
633.5	8.87465	0.0666229
634	8.87462	0.0665074
634.5	8.87459	0.0663922
635	8.87456	0.0662774
635.5	8.87453	0.0661629
636	8.8745	0.0660487
636.5	8.87447	0.0659348
637	8.87443	0.0658213
637.5	8.8744	0.0657082
638	8.87437	0.0655954
638.5	8.87434	0.0654829
639	8.87431	0.0653708
639.5	8.87428	0.0652591
640	8.87425	0.0651477
640.5	8.87422	0.0650366
641	8.87419	0.064926
641.5	8.87416	0.0648156
642	8.87413	0.0647059
642.5	8.8741	0.0645961
643	8.87406	0.0644866
643.5	8.87403	0.0643774
644	8.874	0.0642686
644.5	8.87397	0.0641601
645	8.87394	0.064052
645.5	8.87391	0.0639442
646	8.87388	0.0638367
646.5	8.87385	0.0637296
647	8.87382	0.0636229
647.5	8.87379	0.0635164
648	8.87376	0.0634103
648.5	8.87373	0.0633045
649	8.87371	0.063199
649.5	8.87368	0.0630938
650	8.87365	0.0629889
650.5	8.87362	0.0628843
651	8.87359	0.0627801
651.5	8.87356	0.0626761
652	8.87353	0.0625725
652.5	8.8735	0.0624692
653	8.87347	0.0623662
653.5	8.87344	0.0622634
654	8.87341	0.062161
654.5	8.87339	0.0620589
655	8.87336	0.0619571
655.5	8.87333	0.0618556
656	8.8733	0.0617544
656.5	8.87327	0.0616535
657	8.87324	0.0615529
657.5	8.87321	0.0614525
658	8.87319	0.0613525
658.5	8.87316	0.0612527
659	8.87313	0.0611533
659.5	8.8731	0.0610541
660	8.87307	0.0609553
660.5	8.87305	0.0608567
661	8.87302	0.0607584
661.5	8.87299	0.0606604
662	8.87296	0.0605627
662.5	8.87293	0.0604652
663	8.87291	0.0603681
663.5	8.87288	0.0602712
664	8.87285	0.0601746
664.5	8.87282	0.0600782
665	8.8728	0.0599822
665.5	8.87277	0.0598864
666	8.87274	0.0597908
666.5	8.87272	0.0596956
667	8.87269	0.0596006
667.5	8.87266	0.0595058
668	8.87263	0.0594113
668.5	8.87261	0.0593171
669	8.87258	0.0592232
669.5	8.87255	0.0591295
670	8.87253	0.059036
670.5	8.8725	0.0589429
671	8.87248	0.05885
671.5	8.87245	0.0587574
672	8.87242	0.0586651
672.5	8.8724	0.058573
673	8.87237	0.0584811
673.5	8.87234	0.0583896
674	8.87232	0.0582982
674.5	8.87229	0.0582072
675	8.87227	0.0581163
675.5	8.87224	0.0580257
676	8.87221	0.0579354
676.5	8.87219	0.0578453
677	8.87216	0.0577555
677.5	8.87214	0.0576659
678	8.87211	0.0575766
678.5	8.87209	0.0574875
679	8.87206	0.0573986
679.5	8.87204	0.05731
680	8.87201	0.0572216
680.5	8.87198	0.0571334
681	8.87196	0.0570455
681.5	8.87193	0.0569579
682	8.87191	0.0568705
682.5	8.87188	0.0567833
683	8.87186	0.0566964
683.5	8.87183	0.0566097
684	8.87181	0.0565232
684.5	8.87179	0.056437
685	8.87176	0.056351
685.5	8.87174	0.0562653
686	8.87171	0.0561797
686.5	8.87169	0.0560944
687	8.87166	0.0560094
687.5	8.87164	0.0559245
688	8.87161	0.0558399
688.5	8.87159	0.0557555
689	8.87157	0.0556714
689.5	8.87154	0.0555874
690	8.87152	0.0555037
690.5	8.87149	0.0554202
691	8.87147	0.0553369
691.5	8.87145	0.0552539
692	8.87142	0.055171
692.5	8.8714	0.0550884
693	8.87137	0.0550061
693.5	8.87135	0.0549239
694	8.87133	0.054842
694.5	8.8713	0.0547602
695	8.87128	0.0546787
695.5	8.87126	0.0545975
696	8.87123	0.0545164
696.5	8.87121	0.0544355
697	8.87119	0.0543549
697.5	8.87116	0.0542744
698	8.87114	0.0541942
698.5	8.87112	0.0541142
699	8.8711	0.0540344
699.5	8.87107	0.0539548
700	8.87105	0.0538754
